            Bordeaux                      Lyon                   Nanterre                  
             Grosson Rapdeouf Zoukafon Grosson Rapdeouf Zoukafon  Grosson Rapdeouf Zoukafon
Lille            0.0      0.0      0.0     0.0      0.0      0.0    360.0    390.0     60.0
Clichy           0.0      0.0      0.0     0.0      0.0      0.0    320.0    370.0     75.0
Reims            0.0      0.0      0.0   160.0    180.0     10.0      0.0      0.0      0.0
Amiens           0.0      0.0      0.0     0.0      0.0      0.0     90.0    110.0     10.0
Strasbourg       0.0      0.0      0.0   190.0    210.0     15.0      0.0      0.0      0.0
Rennes         120.0    137.0      0.0     0.0      0.0      0.0      0.0     13.0     20.0
Clermont         0.0      0.0      0.0    70.0     90.0      5.0      0.0      0.0      0.0
Orléans          0.0      0.0      0.0    55.0    170.0     15.0     85.0      0.0      0.0
Nantes         230.0    250.0     25.0     0.0      0.0      0.0      0.0      0.0      0.0
Besançon         0.0      0.0      0.0    50.0     50.0      5.0      0.0      0.0      0.0
Vincennes        0.0      0.0      0.0     0.0      0.0      0.0    230.0    270.0     55.0
Marseille        0.0      0.0      0.0   310.0    320.0    125.0      0.0      0.0      0.0
Bordeaux       170.0    200.0     55.0     0.0      0.0      0.0      0.0      0.0      0.0
Dijon            0.0      0.0      0.0    80.0     80.0     15.0      0.0      0.0      0.0
Montpellier      0.0      0.0      0.0   150.0    170.0     30.0      0.0      0.0      0.0
Limoges          0.0      0.0      0.0    50.0     60.0      5.0      0.0      0.0      0.0
Metz             0.0      0.0      0.0   120.0    150.0     10.0      0.0      0.0      0.0
Toulouse       280.0    310.0     90.0     0.0      0.0      0.0      0.0      0.0      0.0
Caen             0.0      0.0      0.0     0.0      0.0      0.0     70.0     80.0     20.0
Poitiers        50.0     70.0      9.0     0.0      0.0      1.0      0.0      0.0      0.0
Bayonne         80.0     90.0     15.0     0.0      0.0      0.0      0.0      0.0      0.0